34.22523939,-118.44181422
34.14977384,-118.59502252
34.25100108,-118.58666834
34.23039159,-118.58259728
34.24253794,-118.56345469
34.30724905,-118.50251376
34.23117193,-118.61219643
34.18218224,-118.45142747
34.16039874,-118.48253484
34.25598466,-118.4362601
34.15870435,-118.55657601
34.21178493,-118.48965404
34.20469038,-118.49654701
34.21321593,-118.6370218
34.31211794,-118.5567875
34.1712073,-118.53264668
34.21804922,-118.58613054
34.17830345,-118.53789706
34.16260533,-118.59119251
34.18379172,-118.62580415
34.25496165,-118.54747798
34.18952643,-118.61549956
34.27329798,-118.53572491
34.19773801,-118.53644131
34.20036666,-118.53181385
34.14200074,-118.57670999
34.13933536,-118.56175725
34.30477347,-118.55855683
34.23513655,-118.64012545
34.1815221,-118.59886068
34.249527,-118.61880453
34.28996551,-118.60977523
34.18794193,-118.44032697
34.17732435,-118.49478468
34.28314798,-118.56513832
34.17781283,-118.59421668
34.24587864,-118.6158629
34.29642757,-118.47393953
34.21924935,-118.51828417
34.27509191,-118.46293386
34.26032065,-118.6299936
34.2012571,-118.58722172
34.28614034,-118.59380984
34.22909615,-118.56894164
34.25436712,-118.50902646
34.25955248,-118.54756122
34.22384509,-118.48213228
34.26053481,-118.48672001
34.15475829,-118.5955818
34.26211785,-118.62105509
34.20275821,-118.51787086
34.25433916,-118.60276369
34.18430715,-118.62090566
34.14217124,-118.51713937
34.17639128,-118.58465409
34.25680806,-118.5539079
34.16339272,-118.49852848
34.16585115,-118.5113681
34.24409362,-118.55098382
34.16745638,-118.47462328
34.17003609,-118.62240713
34.20050974,-118.52372009
34.30646403,-118.51005053
34.26823581,-118.44246601
34.194677,-118.4899704
34.20295896,-118.49949392
34.21448259,-118.64455287
34.26295281,-118.48175903
34.16542892,-118.55096366
34.26629841,-118.49629392
34.23765528,-118.57423286
34.25723786,-118.60935722
34.1537542,-118.59045737
34.20054228,-118.56423783
34.22428292,-118.52025103
34.15721738,-118.51605429
34.16275174,-118.60019172
34.23997072,-118.46775337
34.18730291,-118.62592981
34.17201383,-118.58636561